1559245179.251122	0.000000
1559245179.301122	0.000194
1559245179.351122	0.000384
1559245179.401122	0.000384
1559245179.451122	0.000384
1559245179.501122	0.000384
1559245179.551122	0.000384
1559245179.601122	0.000384
1559245179.651122	0.000384
1559245179.701122	0.000384
1559245179.751122	0.000384
1559245179.801122	0.000384
1559245179.851122	0.000384
1559245179.901122	0.000384
1559245179.951122	0.000384
1559245180.001122	0.000384
1559245180.051122	0.000384
1559245180.101122	0.000384
1559245180.151122	0.000384
1559245180.201122	0.000384
1559245180.251122	0.000384
1559245180.301122	0.000384
1559245180.351122	0.000384
1559245180.401122	0.000384
1559245180.451122	0.000384
1559245180.501122	0.000384
1559245180.551122	0.000384
1559245180.601122	0.000378
1559245180.651122	0.000373
1559245180.701122	0.000373
1559245180.751122	0.000373
1559245180.801122	0.000373
1559245180.851122	0.000373
1559245180.901122	0.000373
1559245180.951122	0.000373
1559245181.001122	0.000373
1559245181.051122	0.000373
1559245181.101122	0.000373
1559245181.151122	0.000373
1559245181.201122	0.000373
1559245181.251122	0.000373
1559245181.301122	0.000373
1559245181.351122	0.000373
1559245181.401122	0.000373
1559245181.451122	0.000373
1559245181.501122	0.000373
1559245181.551122	0.000373
1559245181.601122	0.000373
1559245181.651122	0.000373
1559245181.701122	0.000373
1559245181.751122	0.000373
1559245181.801122	0.000373
1559245181.851122	0.000373
1559245181.901122	0.000391
1559245181.951122	0.000489
1559245182.001122	0.000649
1559245182.051122	0.000816
1559245182.101122	0.000989
1559245182.151122	0.001146
1559245182.201122	0.001301
1559245182.251122	0.001458
1559245182.301122	0.001612
1559245182.351122	0.001821
1559245182.401122	0.002059
1559245182.451122	0.002263
1559245182.501122	0.002446
1559245182.551122	0.002597
1559245182.601122	0.002720
1559245182.651122	0.002833
1559245182.701122	0.002923
1559245182.751122	0.003003
1559245182.801122	0.003075
1559245182.851122	0.003140
1559245182.901122	0.003240
1559245182.951122	0.003360
1559245183.001122	0.003456
1559245183.051122	0.003566
1559245183.101122	0.003688
1559245183.151122	0.003789
1559245183.201122	0.003879
1559245183.251122	0.003971
1559245183.301122	0.004062
1559245183.351122	0.004158
1559245183.401122	0.004258
1559245183.451122	0.004348
1559245183.501122	0.004425
1559245183.551122	0.004489
1559245183.601122	0.004566
1559245183.651122	0.004651
1559245183.701122	0.004723
1559245183.751122	0.004797
1559245183.801122	0.004871
1559245183.851122	0.004945
1559245183.901122	0.005009
1559245183.951122	0.005083
1559245184.001122	0.005173
1559245184.051122	0.005243
1559245184.101122	0.005304
1559245184.151122	0.005375
1559245184.201122	0.005447
1559245184.251122	0.006980
1559245184.301122	0.008478
1559245184.351122	0.008519
1559245184.401122	0.008578
1559245184.451122	0.008603
1559245184.501122	0.008612
1559245184.551122	0.008629
1559245184.601122	0.008662
1559245184.651122	0.008687
1559245184.701122	0.008705
1559245184.751122	0.008723
1559245184.801122	0.008731
1559245184.851122	0.008733
1559245184.901122	0.008763
1559245184.951122	0.008827
1559245185.001122	0.008862
1559245185.051122	0.008865
1559245185.101122	0.008870
1559245185.151122	0.008873
1559245185.201122	0.008890
1559245185.251122	0.008924
1559245185.301122	0.008943
1559245185.351122	0.008945
1559245185.401122	0.008946
1559245185.451122	0.008973
1559245185.501122	0.009037
1559245185.551122	0.009116
1559245185.601122	0.009208
1559245185.651122	0.009309
1559245185.701122	0.009416
1559245185.751122	0.009540
1559245185.801122	0.009669
1559245185.851122	0.009797
1559245185.901122	0.009918
1559245185.951122	0.010030
1559245186.001122	0.010147
1559245186.051122	0.010260
1559245186.101122	0.010377
1559245186.151122	0.010506
1559245186.201122	0.010615
1559245186.251122	0.010707
1559245186.301122	0.010818
1559245186.351122	0.010934
1559245186.401122	0.011043
1559245186.451122	0.011162
1559245186.501122	0.011289
1559245186.551122	0.011411
1559245186.601122	0.011527
1559245186.651122	0.011632
1559245186.701122	0.011734
1559245186.751122	0.011836
1559245186.801122	0.011960
1559245186.851122	0.013386
1559245186.901122	0.019929
1559245186.951122	0.025888
1559245187.001122	0.027545
1559245187.051122	0.028745
1559245187.101122	0.029609
1559245187.151122	0.030181
1559245187.201122	0.030251
1559245187.251122	0.031508
1559245187.301122	0.033593
1559245187.351122	0.035504
1559245187.401122	0.037132
1559245187.451122	0.037365
1559245187.501122	0.038314
1559245187.551122	0.039068
1559245187.601122	0.039465
1559245187.651122	0.039984
1559245187.701122	0.039984
1559245187.751122	0.040445
1559245187.801122	0.040445
1559245187.851122	0.040951
1559245187.901122	0.041482
1559245187.951122	0.041870
1559245188.001122	0.041870
1559245188.051122	0.041870
1559245188.101122	0.042450
1559245188.151122	0.042450
1559245188.201122	0.042450
1559245188.251122	0.042904
1559245188.301122	0.043020
1559245188.351122	0.043020
1559245188.401122	0.043472
1559245188.451122	0.043020
1559245188.501122	0.043472
1559245188.551122	0.043472
1559245188.601122	0.043472
1559245188.651122	0.043020
1559245188.701122	0.043020
1559245188.751122	0.043020
1559245188.801122	0.043020
1559245188.851122	0.043472
1559245188.901122	0.044139
1559245188.951122	0.044139
1559245189.001122	0.044139
1559245189.051122	0.044557
1559245189.101122	0.044929
1559245189.151122	0.045627
1559245189.201122	0.045627
1559245189.251122	0.045627
1559245189.301122	0.044929
1559245189.351122	0.044557
1559245189.401122	0.044929
1559245189.451122	0.044929
1559245189.501122	0.045556
1559245189.551122	0.045901
1559245189.601122	0.045901
1559245189.651122	0.046142
1559245189.701122	0.046142
1559245189.751122	0.046142
1559245189.801122	0.046335
1559245189.851122	0.046582
1559245189.901122	0.046582
1559245189.951122	0.046582
1559245190.001122	0.046582
1559245190.051122	0.046582
1559245190.101122	0.046582
1559245190.151122	0.046582
1559245190.201122	0.046582
1559245190.251122	0.046582
1559245190.301122	0.046867
1559245190.351122	0.046582
1559245190.401122	0.046867
1559245190.451122	0.046582
1559245190.501122	0.046582
1559245190.551122	0.046867
1559245190.601122	0.046867
1559245190.651122	0.046867
1559245190.701122	0.046867
1559245190.751122	0.046582
1559245190.801122	0.046867
1559245190.851122	0.046582
1559245190.901122	0.046582
1559245190.951122	0.046867
1559245191.001122	0.047713
1559245191.051122	0.046867
1559245191.101122	0.046582
1559245191.151122	0.046867
1559245191.201122	0.046867
1559245191.251122	0.046782
1559245191.301122	0.046867
1559245191.351122	0.046867
1559245191.401122	0.046867
1559245191.451122	0.046867
1559245191.501122	0.047872
1559245191.551122	0.047872
1559245191.601122	0.047872
1559245191.651122	0.047872
1559245191.701122	0.046843
1559245191.751122	0.047872
1559245191.801122	0.047872
1559245191.851122	0.048749
1559245191.901122	0.048895
1559245191.951122	0.048895
1559245192.001122	0.048749
1559245192.051122	0.048895
1559245192.101122	0.048895
1559245192.151122	0.049056
1559245192.201122	0.048895
1559245192.251122	0.048895
1559245192.301122	0.048895
1559245192.351122	0.048895
1559245192.401122	0.049056
1559245192.451122	0.049056
1559245192.501122	0.049338
1559245192.551122	0.049338
1559245192.601122	0.049338
1559245192.651122	0.049627
1559245192.701122	0.049744
1559245192.751122	0.049627
1559245192.801122	0.049627
1559245192.851122	0.049744
1559245192.901122	0.050440
1559245192.951122	0.051152
1559245193.001122	0.051152
1559245193.051122	0.051152
1559245193.101122	0.051152
1559245193.151122	0.051296
1559245193.201122	0.051152
1559245193.251122	0.051152
1559245193.301122	0.051152
1559245193.351122	0.051296
1559245193.401122	0.051296
1559245193.451122	0.051296
1559245193.501122	0.051296
1559245193.551122	0.051296
1559245193.601122	0.051296
1559245193.651122	0.051152
1559245193.701122	0.050824
1559245193.751122	0.050824
1559245193.801122	0.050040
1559245193.851122	0.049111
1559245193.901122	0.049111
1559245193.951122	0.050040
1559245194.001122	0.049754
1559245194.051122	0.049754
1559245194.101122	0.049754
1559245194.151122	0.050116
1559245194.201122	0.050402
1559245194.251122	0.050116
1559245194.301122	0.050116
1559245194.351122	0.050116
1559245194.401122	0.048970
1559245194.451122	0.050116
1559245194.501122	0.050402
1559245194.551122	0.050402
1559245194.601122	0.050116
1559245194.651122	0.050116
1559245194.701122	0.050116
1559245194.751122	0.050402
1559245194.801122	0.050402
1559245194.851122	0.050116
1559245194.901122	0.049240
1559245194.951122	0.050116
1559245195.001122	0.050116
1559245195.051122	0.050402
1559245195.101122	0.050402
1559245195.151122	0.050116
1559245195.201122	0.050116
1559245195.251122	0.050116
1559245195.301122	0.050116
1559245195.351122	0.049240
1559245195.401122	0.049240
1559245195.451122	0.048498
1559245195.501122	0.048498
1559245195.551122	0.049240
1559245195.601122	0.049240
1559245195.651122	0.048498
1559245195.701122	0.049240
1559245195.751122	0.049240
1559245195.801122	0.049240
1559245195.851122	0.049240
1559245195.901122	0.049240
1559245195.951122	0.049123
1559245196.001122	0.049123
1559245196.051122	0.049123
1559245196.101122	0.049852
1559245196.151122	0.050116
1559245196.201122	0.050116
1559245196.251122	0.051109
1559245196.301122	0.051979
1559245196.351122	0.052140
1559245196.401122	0.052140
1559245196.451122	0.051979
1559245196.501122	0.051979
1559245196.551122	0.051979
1559245196.601122	0.052140
1559245196.651122	0.051979
1559245196.701122	0.051737
1559245196.751122	0.051979
1559245196.801122	0.051979
1559245196.851122	0.052140
1559245196.901122	0.052583
1559245196.951122	0.052848
1559245197.001122	0.052543
1559245197.051122	0.052117
1559245197.101122	0.052117
1559245197.151122	0.051737
1559245197.201122	0.051737
1559245197.251122	0.051737
1559245197.301122	0.051489
1559245197.351122	0.051737
1559245197.401122	0.051737
1559245197.451122	0.051489
1559245197.501122	0.050968
1559245197.551122	0.050342
1559245197.601122	0.050342
1559245197.651122	0.050342
1559245197.701122	0.050342
1559245197.751122	0.050342
1559245197.801122	0.050968
1559245197.851122	0.050968
1559245197.901122	0.050342
1559245197.951122	0.050342
1559245198.001122	0.050968
1559245198.051122	0.050968
1559245198.101122	0.050342
1559245198.151122	0.050968
1559245198.201122	0.050342
1559245198.251122	0.050701
1559245198.301122	0.050701
1559245198.351122	0.050701
1559245198.401122	0.050701
1559245198.451122	0.050701
1559245198.501122	0.050342
1559245198.551122	0.050342
1559245198.601122	0.049376
1559245198.651122	0.048403
1559245198.701122	0.048403
1559245198.751122	0.048023
1559245198.801122	0.047533
1559245198.851122	0.047216
1559245198.901122	0.046973
1559245198.951122	0.046973
1559245199.001122	0.046973
1559245199.051122	0.047216
1559245199.101122	0.047216
1559245199.151122	0.047533
1559245199.201122	0.047533
1559245199.251122	0.047533
1559245199.301122	0.047533
1559245199.351122	0.047216
1559245199.401122	0.047216
1559245199.451122	0.047216
1559245199.501122	0.047533
1559245199.551122	0.047533
1559245199.601122	0.048151
1559245199.651122	0.048151
1559245199.701122	0.048132
1559245199.751122	0.047533
1559245199.801122	0.047533
1559245199.851122	0.047216
1559245199.901122	0.047533
1559245199.951122	0.048132
1559245200.001122	0.048497
1559245200.051122	0.048497
1559245200.101122	0.048132
1559245200.151122	0.048132
1559245200.201122	0.048132
1559245200.251122	0.048132
1559245200.301122	0.047533
1559245200.351122	0.048132
1559245200.401122	0.047879
1559245200.451122	0.048497
1559245200.501122	0.048497
1559245200.551122	0.048497
1559245200.601122	0.048497
1559245200.651122	0.048497
1559245200.701122	0.048497
1559245200.751122	0.048497
1559245200.801122	0.048576
1559245200.851122	0.048497
1559245200.901122	0.048497
1559245200.951122	0.048576
1559245201.001122	0.048576
1559245201.051122	0.048765
1559245201.101122	0.049347
1559245201.151122	0.050154
1559245201.201122	0.050692
1559245201.251122	0.051374
1559245201.301122	0.051374
1559245201.351122	0.051883
1559245201.401122	0.051883
1559245201.451122	0.052121
1559245201.501122	0.052413
1559245201.551122	0.052413
1559245201.601122	0.052112
1559245201.651122	0.052413
1559245201.701122	0.052534
1559245201.751122	0.052534
1559245201.801122	0.053104
1559245201.851122	0.053618
1559245201.901122	0.053618
1559245201.951122	0.053618
1559245202.001122	0.053104
1559245202.051122	0.052534
1559245202.101122	0.052534
1559245202.151122	0.052534
1559245202.201122	0.053104
1559245202.251122	0.053104
1559245202.301122	0.053104
1559245202.351122	0.053867
1559245202.401122	0.053867
1559245202.451122	0.053867
1559245202.501122	0.053104
1559245202.551122	0.053104
1559245202.601122	0.053104
1559245202.651122	0.053867
1559245202.701122	0.053104
1559245202.751122	0.053104
1559245202.801122	0.053867
1559245202.851122	0.053104
1559245202.901122	0.053104
1559245202.951122	0.053104
1559245203.001122	0.053104
1559245203.051122	0.053104
1559245203.101122	0.053104
1559245203.151122	0.053121
1559245203.201122	0.053884
1559245203.251122	0.054603
1559245203.301122	0.054603
1559245203.351122	0.054603
1559245203.401122	0.054603
1559245203.451122	0.055476
1559245203.501122	0.055481
1559245203.551122	0.056036
1559245203.601122	0.055481
1559245203.651122	0.055481
1559245203.701122	0.055093
1559245203.751122	0.055093
1559245203.801122	0.055093
1559245203.851122	0.055093
1559245203.901122	0.055481
1559245203.951122	0.055093
1559245204.001122	0.054603
1559245204.051122	0.054603
1559245204.101122	0.054603
1559245204.151122	0.054006
1559245204.201122	0.053862
1559245204.251122	0.053740
1559245204.301122	0.053740
1559245204.351122	0.053740
1559245204.401122	0.053740
1559245204.451122	0.053333
1559245204.501122	0.053333
1559245204.551122	0.053333
1559245204.601122	0.052970
1559245204.651122	0.052970
1559245204.701122	0.052970
1559245204.751122	0.052970
1559245204.801122	0.052674
1559245204.851122	0.052378
1559245204.901122	0.052088
1559245204.951122	0.051723
1559245205.001122	0.051723
1559245205.051122	0.051378
1559245205.101122	0.051378
1559245205.151122	0.051153
1559245205.201122	0.051069
1559245205.251122	0.051069
1559245205.301122	0.050319
1559245205.351122	0.049612
1559245205.401122	0.049612
1559245205.451122	0.049612
1559245205.501122	0.049612
1559245205.551122	0.048971
1559245205.601122	0.048971
1559245205.651122	0.047953
1559245205.701122	0.046972
1559245205.751122	0.046284
1559245205.801122	0.045668
1559245205.851122	0.044996
1559245205.901122	0.044730
1559245205.951122	0.043965
1559245206.001122	0.043016
1559245206.051122	0.042530
1559245206.101122	0.041859
1559245206.151122	0.041361
1559245206.201122	0.040870
1559245206.251122	0.040155
1559245206.301122	0.040155
1559245206.351122	0.040155
1559245206.401122	0.040155
1559245206.451122	0.040155
1559245206.501122	0.040155
1559245206.551122	0.040155
1559245206.601122	0.040155
1559245206.651122	0.040155
1559245206.701122	0.040870
1559245206.751122	0.040870
1559245206.801122	0.040870
1559245206.851122	0.040870
1559245206.901122	0.040870
1559245206.951122	0.040870
1559245207.001122	0.040870
1559245207.051122	0.040870
1559245207.101122	0.040870
1559245207.151122	0.040870
1559245207.201122	0.040870
1559245207.251122	0.040870
1559245207.301122	0.040870
1559245207.351122	0.040870
1559245207.401122	0.040870
1559245207.451122	0.040870
1559245207.501122	0.041394
1559245207.551122	0.041711
1559245207.601122	0.042246
1559245207.651122	0.043370
1559245207.701122	0.044259
1559245207.751122	0.044347
1559245207.801122	0.044606
1559245207.851122	0.044902
1559245207.901122	0.045046
1559245207.951122	0.045206
1559245208.001122	0.045206
1559245208.051122	0.045206
1559245208.101122	0.045311
1559245208.151122	0.045454
1559245208.201122	0.045454
1559245208.251122	0.045454
1559245208.301122	0.045711
1559245208.351122	0.045967
1559245208.401122	0.046353
1559245208.451122	0.046715
1559245208.501122	0.047266
1559245208.551122	0.047589
1559245208.601122	0.048520
1559245208.651122	0.049327
1559245208.701122	0.049327
1559245208.751122	0.049327
1559245208.801122	0.049440
1559245208.851122	0.049440
1559245208.901122	0.049440
1559245208.951122	0.049327
1559245209.001122	0.049440
1559245209.051122	0.049608
1559245209.101122	0.049608
1559245209.151122	0.049608
1559245209.201122	0.049440
1559245209.251122	0.049440
1559245209.301122	0.049440
1559245209.351122	0.049440
1559245209.401122	0.049327
1559245209.451122	0.049327
1559245209.501122	0.049327
1559245209.551122	0.049327
1559245209.601122	0.049327
1559245209.651122	0.049327
1559245209.701122	0.049440
1559245209.751122	0.049440
1559245209.801122	0.049440
1559245209.851122	0.049440
1559245209.901122	0.049327
1559245209.951122	0.049327
1559245210.001122	0.049307
1559245210.051122	0.049307
1559245210.101122	0.049307
1559245210.151122	0.049327
1559245210.201122	0.049327
1559245210.251122	0.049307
1559245210.301122	0.048670
1559245210.351122	0.048018
1559245210.401122	0.047827
1559245210.451122	0.048018
1559245210.501122	0.048430
1559245210.551122	0.048430
1559245210.601122	0.048018
1559245210.651122	0.048018
1559245210.701122	0.048430
1559245210.751122	0.049054
1559245210.801122	0.048430
1559245210.851122	0.048430
1559245210.901122	0.048018
1559245210.951122	0.047827
1559245211.001122	0.047827
1559245211.051122	0.048018
1559245211.101122	0.048018
1559245211.151122	0.047827
1559245211.201122	0.048018
1559245211.251122	0.048018
1559245211.301122	0.047827
1559245211.351122	0.048018
1559245211.401122	0.048086
1559245211.451122	0.048086
1559245211.501122	0.048086
1559245211.551122	0.048086
1559245211.601122	0.048242
1559245211.651122	0.048242
1559245211.701122	0.048263
1559245211.751122	0.048586
1559245211.801122	0.048586
1559245211.851122	0.049054
1559245211.901122	0.049340
1559245211.951122	0.049421
1559245212.001122	0.049100
1559245212.051122	0.048586
1559245212.101122	0.048263
1559245212.151122	0.048263
1559245212.201122	0.048263
1559245212.251122	0.048147
1559245212.301122	0.048147
1559245212.351122	0.048147
1559245212.401122	0.048263
1559245212.451122	0.048586
1559245212.501122	0.048586
1559245212.551122	0.048263
1559245212.601122	0.048263
1559245212.651122	0.048263
1559245212.701122	0.048263
1559245212.751122	0.048263
1559245212.801122	0.048263
1559245212.851122	0.048347
1559245212.901122	0.048347
1559245212.951122	0.048347
1559245213.001122	0.048347
1559245213.051122	0.048347
1559245213.101122	0.048432
1559245213.151122	0.048347
1559245213.201122	0.048253
1559245213.251122	0.048147
1559245213.301122	0.048147
1559245213.351122	0.048091
1559245213.401122	0.048147
1559245213.451122	0.048147
1559245213.501122	0.048091
1559245213.551122	0.048091
1559245213.601122	0.047883
1559245213.651122	0.048091
1559245213.701122	0.048091
1559245213.751122	0.048147
1559245213.801122	0.048253
1559245213.851122	0.048347
1559245213.901122	0.048347
1559245213.951122	0.048432
1559245214.001122	0.048432
1559245214.051122	0.048432
1559245214.101122	0.048796
1559245214.151122	0.048796
1559245214.201122	0.048796
1559245214.251122	0.048421
1559245214.301122	0.048421
1559245214.351122	0.048196
1559245214.401122	0.047883
1559245214.451122	0.047883
1559245214.501122	0.047883
1559245214.551122	0.047883
1559245214.601122	0.047883
1559245214.651122	0.048002
1559245214.701122	0.047829
1559245214.751122	0.048002
1559245214.801122	0.048002
1559245214.851122	0.048196
1559245214.901122	0.048002
1559245214.951122	0.047829
1559245215.001122	0.048002
1559245215.051122	0.048196
1559245215.101122	0.048151
1559245215.151122	0.048002
1559245215.201122	0.048151
1559245215.251122	0.048291
1559245215.301122	0.048362
1559245215.351122	0.048447
1559245215.401122	0.048514
1559245215.451122	0.048803
1559245215.501122	0.048803
1559245215.551122	0.048803
1559245215.601122	0.048803
1559245215.651122	0.048803
1559245215.701122	0.049117
1559245215.751122	0.049117
1559245215.801122	0.049117
1559245215.851122	0.049363
1559245215.901122	0.049117
1559245215.951122	0.049363
1559245216.001122	0.049363
1559245216.051122	0.049117
1559245216.101122	0.049117
1559245216.151122	0.048803
1559245216.201122	0.048707
1559245216.251122	0.048455
1559245216.301122	0.048364
1559245216.351122	0.048364
1559245216.401122	0.048364
1559245216.451122	0.048293
1559245216.501122	0.048293
1559245216.551122	0.048097
1559245216.601122	0.048097
1559245216.651122	0.048097
1559245216.701122	0.048293
1559245216.751122	0.048293
1559245216.801122	0.048097
1559245216.851122	0.048293
1559245216.901122	0.048293
1559245216.951122	0.048097
1559245217.001122	0.048097
1559245217.051122	0.048097
1559245217.101122	0.048097
1559245217.151122	0.048068
1559245217.201122	0.048068
1559245217.251122	0.047838
1559245217.301122	0.047838
1559245217.351122	0.047768
1559245217.401122	0.047768
1559245217.451122	0.047768
1559245217.501122	0.047768
1559245217.551122	0.047700
1559245217.601122	0.047700
1559245217.651122	0.047768
1559245217.701122	0.047700
1559245217.751122	0.047464
1559245217.801122	0.047198
1559245217.851122	0.046947
1559245217.901122	0.046746
1559245217.951122	0.046669
1559245218.001122	0.046387
1559245218.051122	0.046118
1559245218.101122	0.046035
1559245218.151122	0.046118
1559245218.201122	0.046035
1559245218.251122	0.045845
1559245218.301122	0.045845
1559245218.351122	0.045689
1559245218.401122	0.045592
1559245218.451122	0.045592
1559245218.501122	0.045592
1559245218.551122	0.045470
1559245218.601122	0.044975
1559245218.651122	0.044975
1559245218.701122	0.044479
1559245218.751122	0.044144
1559245218.801122	0.043837
1559245218.851122	0.043724
1559245218.901122	0.043580
1559245218.951122	0.043413
1559245219.001122	0.043210
1559245219.051122	0.043081
1559245219.101122	0.042962
1559245219.151122	0.042684
1559245219.201122	0.042433
1559245219.251122	0.042379
1559245219.301122	0.042241
1559245219.351122	0.042051
1559245219.401122	0.041974
1559245219.451122	0.041929
1559245219.501122	0.041325
1559245219.551122	0.041325
1559245219.601122	0.041325
1559245219.651122	0.040611
1559245219.701122	0.040232
1559245219.751122	0.039946
1559245219.801122	0.039835
1559245219.851122	0.039711
1559245219.901122	0.039711
1559245219.951122	0.039186
1559245220.001122	0.038684
1559245220.051122	0.038238
1559245220.101122	0.037798
1559245220.151122	0.037798
1559245220.201122	0.037743
1559245220.251122	0.037546
1559245220.301122	0.037546
1559245220.351122	0.037131
1559245220.401122	0.036653
1559245220.451122	0.036327
1559245220.501122	0.036160
1559245220.551122	0.036160
1559245220.601122	0.036160
1559245220.651122	0.036160
1559245220.701122	0.036160
1559245220.751122	0.035897
1559245220.801122	0.035897
1559245220.851122	0.035897
1559245220.901122	0.035605
1559245220.951122	0.035605
1559245221.001122	0.035441
1559245221.051122	0.035441
1559245221.101122	0.035605
1559245221.151122	0.035897
1559245221.201122	0.036160
1559245221.251122	0.036160
1559245221.301122	0.036160
1559245221.351122	0.036306
1559245221.401122	0.036306
1559245221.451122	0.036306
1559245221.501122	0.036306
1559245221.551122	0.036390
1559245221.601122	0.036614
1559245221.651122	0.036856
1559245221.701122	0.037049
1559245221.751122	0.037049
1559245221.801122	0.037403
1559245221.851122	0.037719
1559245221.901122	0.037403
1559245221.951122	0.037403
1559245222.001122	0.037719
1559245222.051122	0.037719
1559245222.101122	0.037719
1559245222.151122	0.037902
1559245222.201122	0.038136
1559245222.251122	0.038343
1559245222.301122	0.038513
1559245222.351122	0.039476
1559245222.401122	0.039476
1559245222.451122	0.040972
1559245222.501122	0.040972
1559245222.551122	0.041775
1559245222.601122	0.042243
1559245222.651122	0.042632
1559245222.701122	0.042815
1559245222.751122	0.043579
1559245222.801122	0.043579
1559245222.851122	0.044452
1559245222.901122	0.044452
1559245222.951122	0.044452
1559245223.001122	0.044828
1559245223.051122	0.044828
1559245223.101122	0.045346
1559245223.151122	0.045816
1559245223.201122	0.045981
1559245223.251122	0.045981
1559245223.301122	0.045981
1559245223.351122	0.045816
1559245223.401122	0.045816
1559245223.451122	0.045981
1559245223.501122	0.046105
1559245223.551122	0.045981
1559245223.601122	0.045816
1559245223.651122	0.045816
1559245223.701122	0.045981
1559245223.751122	0.045445
1559245223.801122	0.045445
1559245223.851122	0.045445
1559245223.901122	0.045445
1559245223.951122	0.045981
1559245224.001122	0.045981
1559245224.051122	0.046105
1559245224.101122	0.045981
1559245224.151122	0.046105
1559245224.201122	0.046105
1559245224.251122	0.046105
1559245224.301122	0.045511
1559245224.351122	0.045511
1559245224.401122	0.046105
1559245224.451122	0.046237
1559245224.501122	0.046105
1559245224.551122	0.045511
1559245224.601122	0.045511
1559245224.651122	0.046105
1559245224.701122	0.046105
1559245224.751122	0.045511
1559245224.801122	0.044961
1559245224.851122	0.044961
1559245224.901122	0.044961
1559245224.951122	0.044556
1559245225.001122	0.044556
1559245225.051122	0.043971
1559245225.101122	0.042524
1559245225.151122	0.042524
1559245225.201122	0.041259
1559245225.251122	0.041111
1559245225.301122	0.041259
1559245225.351122	0.041259
1559245225.401122	0.041854
1559245225.451122	0.042357
1559245225.501122	0.042357
1559245225.551122	0.042357
1559245225.601122	0.042357
1559245225.651122	0.042357
1559245225.701122	0.042357
1559245225.751122	0.042357
1559245225.801122	0.042357
1559245225.851122	0.042592
1559245225.901122	0.043262
1559245225.951122	0.043262
1559245226.001122	0.043262
1559245226.051122	0.043971
1559245226.101122	0.043971
1559245226.151122	0.043971
1559245226.201122	0.043971
1559245226.251122	0.045001
1559245226.301122	0.046006
1559245226.351122	0.046006
1559245226.401122	0.045001
1559245226.451122	0.045001
1559245226.501122	0.043971
1559245226.551122	0.043971
1559245226.601122	0.045001
1559245226.651122	0.044345
1559245226.701122	0.045180
1559245226.751122	0.046006
1559245226.801122	0.046471
1559245226.851122	0.046006
1559245226.901122	0.045180
1559245226.951122	0.045180
1559245227.001122	0.045180
1559245227.051122	0.045983
1559245227.101122	0.046153
1559245227.151122	0.046153
1559245227.201122	0.046471
1559245227.251122	0.046782
1559245227.301122	0.047219
1559245227.351122	0.047219
1559245227.401122	0.047219
1559245227.451122	0.047877
1559245227.501122	0.047877
1559245227.551122	0.048298
1559245227.601122	0.048645
1559245227.651122	0.048645
1559245227.701122	0.048854
1559245227.751122	0.048854
1559245227.801122	0.048854
1559245227.851122	0.048999
1559245227.901122	0.048854
1559245227.951122	0.048999
1559245228.001122	0.048999
1559245228.051122	0.048999
1559245228.101122	0.049149
1559245228.151122	0.049420
1559245228.201122	0.049420
1559245228.251122	0.049420
1559245228.301122	0.049149
1559245228.351122	0.048999
1559245228.401122	0.048999
1559245228.451122	0.048999
1559245228.501122	0.049149
1559245228.551122	0.049149
1559245228.601122	0.049420
1559245228.651122	0.050296
1559245228.701122	0.050520
1559245228.751122	0.050996
1559245228.801122	0.050520
1559245228.851122	0.049645
1559245228.901122	0.049645
1559245228.951122	0.049149
1559245229.001122	0.049149
1559245229.051122	0.048969
1559245229.101122	0.048824
1559245229.151122	0.048824
1559245229.201122	0.048969
1559245229.251122	0.049149
1559245229.301122	0.049149
1559245229.351122	0.049645
1559245229.401122	0.050566
1559245229.451122	0.050566
1559245229.501122	0.051080
1559245229.551122	0.051080
1559245229.601122	0.051204
1559245229.651122	0.051080
1559245229.701122	0.050639
1559245229.751122	0.050163
1559245229.801122	0.049645
1559245229.851122	0.049645
1559245229.901122	0.050163
1559245229.951122	0.049645
1559245230.001122	0.049645
1559245230.051122	0.050163
1559245230.101122	0.050163
1559245230.151122	0.049645
1559245230.201122	0.050163
1559245230.251122	0.050677
1559245230.301122	0.051204
1559245230.351122	0.051204
1559245230.401122	0.051569
1559245230.451122	0.051204
1559245230.501122	0.050950
1559245230.551122	0.051569
1559245230.601122	0.051229
1559245230.651122	0.050422
1559245230.701122	0.050163
1559245230.751122	0.050163
1559245230.801122	0.050422
1559245230.851122	0.051229
1559245230.901122	0.050422
1559245230.951122	0.050163
1559245231.001122	0.049947
1559245231.051122	0.049947
1559245231.101122	0.048691
1559245231.151122	0.048558
1559245231.201122	0.048558
1559245231.251122	0.047960
1559245231.301122	0.048939
1559245231.351122	0.049670
1559245231.401122	0.049793
1559245231.451122	0.049793
1559245231.501122	0.050019
1559245231.551122	0.050019
1559245231.601122	0.050019
1559245231.651122	0.050422
1559245231.701122	0.050422
1559245231.751122	0.050422
1559245231.801122	0.050422
1559245231.851122	0.050422
1559245231.901122	0.050019
1559245231.951122	0.049793
1559245232.001122	0.049793
1559245232.051122	0.050019
1559245232.101122	0.050019
1559245232.151122	0.050207
1559245232.201122	0.050692
1559245232.251122	0.050692
1559245232.301122	0.050692
1559245232.351122	0.050692
1559245232.401122	0.050215
1559245232.451122	0.050616
1559245232.501122	0.050616
1559245232.551122	0.050616
1559245232.601122	0.050616
1559245232.651122	0.050616
1559245232.701122	0.050616
1559245232.751122	0.050215
1559245232.801122	0.050215
1559245232.851122	0.049812
1559245232.901122	0.049812
1559245232.951122	0.050215
1559245233.001122	0.050221
1559245233.051122	0.049812
1559245233.101122	0.050221
1559245233.151122	0.050699
1559245233.201122	0.050699
1559245233.251122	0.050829
1559245233.301122	0.050829
1559245233.351122	0.050829
1559245233.401122	0.050829
1559245233.451122	0.050829
1559245233.501122	0.051246
1559245233.551122	0.051246
1559245233.601122	0.051246
1559245233.651122	0.051756
1559245233.701122	0.051756
1559245233.751122	0.052034
1559245233.801122	0.051756
1559245233.851122	0.051756
1559245233.901122	0.051756
1559245233.951122	0.051756
1559245234.001122	0.051246
1559245234.051122	0.051246
1559245234.101122	0.051545
1559245234.151122	0.051545
1559245234.201122	0.051545
1559245234.251122	0.051120
1559245234.301122	0.050721
1559245234.351122	0.050721
1559245234.401122	0.050721
1559245234.451122	0.051120
1559245234.501122	0.051120
1559245234.551122	0.050721
1559245234.601122	0.050652
1559245234.651122	0.050652
1559245234.701122	0.050652
1559245234.751122	0.050721
1559245234.801122	0.050721
1559245234.851122	0.051120
1559245234.901122	0.051120
1559245234.951122	0.051120
1559245235.001122	0.051120
1559245235.051122	0.050721
1559245235.101122	0.050721
1559245235.151122	0.051120
1559245235.201122	0.051120
1559245235.251122	0.051120
1559245235.301122	0.050721
1559245235.351122	0.051120
1559245235.401122	0.050721
1559245235.451122	0.050721
1559245235.501122	0.050608
1559245235.551122	0.050608
1559245235.601122	0.050608
1559245235.651122	0.050608
1559245235.701122	0.050608
1559245235.751122	0.050608
1559245235.801122	0.049827
1559245235.851122	0.049827
1559245235.901122	0.050608
1559245235.951122	0.050608
1559245236.001122	0.049827
1559245236.051122	0.050608
1559245236.101122	0.050721
1559245236.151122	0.050721
1559245236.201122	0.050721
1559245236.251122	0.050608
1559245236.301122	0.050608
1559245236.351122	0.050198
1559245236.401122	0.050198
1559245236.451122	0.050198
1559245236.501122	0.050608
1559245236.551122	0.050647
1559245236.601122	0.050647
1559245236.651122	0.051075
1559245236.701122	0.051075
1559245236.751122	0.051722
1559245236.801122	0.052115
1559245236.851122	0.052115
1559245236.901122	0.052277
1559245236.951122	0.052277
1559245237.001122	0.052217
1559245237.051122	0.052384
1559245237.101122	0.052656
1559245237.151122	0.052384
1559245237.201122	0.052288
1559245237.251122	0.052126
1559245237.301122	0.052293
1559245237.351122	0.052293
1559245237.401122	0.052293
1559245237.451122	0.052293
1559245237.501122	0.052656
1559245237.551122	0.052656
1559245237.601122	0.052293
1559245237.651122	0.052293
1559245237.701122	0.052293
1559245237.751122	0.052656
1559245237.801122	0.052656
1559245237.851122	0.052656
1559245237.901122	0.052656
1559245237.951122	0.052462
1559245238.001122	0.052730
1559245238.051122	0.052730
1559245238.101122	0.052730
1559245238.151122	0.052730
1559245238.201122	0.052730
1559245238.251122	0.052730
1559245238.301122	0.052730
1559245238.351122	0.052503
1559245238.401122	0.052333
1559245238.451122	0.052503
1559245238.501122	0.052730
1559245238.551122	0.052730
1559245238.601122	0.052730
1559245238.651122	0.052503
1559245238.701122	0.052503
1559245238.751122	0.052730
1559245238.801122	0.052936
1559245238.851122	0.053049
1559245238.901122	0.053049
1559245238.951122	0.053049
1559245239.001122	0.053049
1559245239.051122	0.053049
1559245239.101122	0.053049
1559245239.151122	0.053049
1559245239.201122	0.053049
1559245239.251122	0.052936
1559245239.301122	0.052936
1559245239.351122	0.052730
1559245239.401122	0.052676
1559245239.451122	0.052503
1559245239.501122	0.052503
1559245239.551122	0.052333
1559245239.601122	0.052333
1559245239.651122	0.052258
1559245239.701122	0.052503
1559245239.751122	0.052503
1559245239.801122	0.052258
1559245239.851122	0.052258
1559245239.901122	0.052258
1559245239.951122	0.052258
1559245240.001122	0.051879
1559245240.051122	0.052090
1559245240.101122	0.052503
1559245240.151122	0.052090
1559245240.201122	0.051510
1559245240.251122	0.050809
1559245240.301122	0.051308
1559245240.351122	0.050808
1559245240.401122	0.050808
1559245240.451122	0.050304
1559245240.501122	0.050209
1559245240.551122	0.050209
1559245240.601122	0.050023
1559245240.651122	0.050023
1559245240.701122	0.050023
1559245240.751122	0.049842
1559245240.801122	0.049842
1559245240.851122	0.049842
1559245240.901122	0.049842
1559245240.951122	0.049570
1559245241.001122	0.049271
1559245241.051122	0.049018
1559245241.101122	0.048800
1559245241.151122	0.048800
1559245241.201122	0.048631
1559245241.251122	0.048369
1559245241.301122	0.047929
1559245241.351122	0.047287
1559245241.401122	0.046889
1559245241.451122	0.046889
1559245241.501122	0.045144
1559245241.551122	0.043277
1559245241.601122	0.042965
1559245241.651122	0.042965
1559245241.701122	0.042615
1559245241.751122	0.042615
1559245241.801122	0.042615
1559245241.851122	0.042036
1559245241.901122	0.042036
1559245241.951122	0.042036
1559245242.001122	0.042036
1559245242.051122	0.042036
1559245242.101122	0.041530
1559245242.151122	0.041530
1559245242.201122	0.041530
1559245242.251122	0.041530
1559245242.301122	0.041530
1559245242.351122	0.041530
1559245242.401122	0.041530
1559245242.451122	0.041530
1559245242.501122	0.041530
1559245242.551122	0.041530
1559245242.601122	0.041530
1559245242.651122	0.041530
1559245242.701122	0.042036
1559245242.751122	0.042036
1559245242.801122	0.042036
1559245242.851122	0.042554
1559245242.901122	0.042554
1559245242.951122	0.042742
1559245243.001122	0.042742
1559245243.051122	0.043068
1559245243.101122	0.043386
1559245243.151122	0.043470
1559245243.201122	0.043515
1559245243.251122	0.043644
1559245243.301122	0.043644
1559245243.351122	0.043947
1559245243.401122	0.044316
1559245243.451122	0.044555
1559245243.501122	0.044628
1559245243.551122	0.044771
1559245243.601122	0.045042
1559245243.651122	0.045213
1559245243.701122	0.045213
1559245243.751122	0.045299
1559245243.801122	0.046065
1559245243.851122	0.046065
1559245243.901122	0.046795
1559245243.951122	0.047416
1559245244.001122	0.048017
1559245244.051122	0.048055
1559245244.101122	0.048136
1559245244.151122	0.048347
1559245244.201122	0.048347
1559245244.251122	0.048811
1559245244.301122	0.049397
1559245244.351122	0.049744
1559245244.401122	0.049744
1559245244.451122	0.049944
1559245244.501122	0.049944
1559245244.551122	0.049944
1559245244.601122	0.050145
1559245244.651122	0.049944
1559245244.701122	0.049944
1559245244.751122	0.049944
1559245244.801122	0.049944
1559245244.851122	0.050145
1559245244.901122	0.050145
1559245244.951122	0.050438
1559245245.001122	0.050871
1559245245.051122	0.051198
1559245245.101122	0.051327
1559245245.151122	0.051427
1559245245.201122	0.051327
1559245245.251122	0.051327
1559245245.301122	0.051198
1559245245.351122	0.051327
1559245245.401122	0.051514
1559245245.451122	0.051514
1559245245.501122	0.051514
1559245245.551122	0.051728
1559245245.601122	0.051514
1559245245.651122	0.051514
1559245245.701122	0.051728
1559245245.751122	0.051514
1559245245.801122	0.051728
1559245245.851122	0.051795
1559245245.901122	0.051795
1559245245.951122	0.051728
1559245246.001122	0.051728
1559245246.051122	0.051795
1559245246.101122	0.051795
1559245246.151122	0.051795
1559245246.201122	0.051795
1559245246.251122	0.051780
1559245246.301122	0.051728
1559245246.351122	0.051780
1559245246.401122	0.051880
1559245246.451122	0.051988
1559245246.501122	0.051988
1559245246.551122	0.051880
1559245246.601122	0.051880
1559245246.651122	0.051780
1559245246.701122	0.051780
1559245246.751122	0.051572
1559245246.801122	0.051351
1559245246.851122	0.051351
1559245246.901122	0.051351
1559245246.951122	0.051351
1559245247.001122	0.051351
1559245247.051122	0.051351
1559245247.101122	0.051232
1559245247.151122	0.051232
1559245247.201122	0.051232
1559245247.251122	0.051232
1559245247.301122	0.051232
1559245247.351122	0.051232
1559245247.401122	0.051084
1559245247.451122	0.051084
1559245247.501122	0.051084
1559245247.551122	0.050850
1559245247.601122	0.050661
1559245247.651122	0.050579
1559245247.701122	0.050661
1559245247.751122	0.050579
1559245247.801122	0.050579
1559245247.851122	0.050494
1559245247.901122	0.050379
1559245247.951122	0.050363
1559245248.001122	0.050178
1559245248.051122	0.050178
1559245248.101122	0.049878
1559245248.151122	0.050291
1559245248.201122	0.050291
1559245248.251122	0.050494
1559245248.301122	0.050063
1559245248.351122	0.049474
1559245248.401122	0.049474
1559245248.451122	0.049091
1559245248.501122	0.049474
1559245248.551122	0.049474
1559245248.601122	0.049091
1559245248.651122	0.049474
1559245248.701122	0.049519
1559245248.751122	0.049519
1559245248.801122	0.049344
1559245248.851122	0.049344
1559245248.901122	0.049344
1559245248.951122	0.049091
1559245249.001122	0.049344
1559245249.051122	0.049519
1559245249.101122	0.049344
1559245249.151122	0.049519
1559245249.201122	0.049519
1559245249.251122	0.049344
1559245249.301122	0.049519
1559245249.351122	0.049519
1559245249.401122	0.049805
1559245249.451122	0.049805
1559245249.501122	0.050348
1559245249.551122	0.050576
1559245249.601122	0.050348
1559245249.651122	0.050576
1559245249.701122	0.050576
1559245249.751122	0.050660
1559245249.801122	0.050660
1559245249.851122	0.050660
1559245249.901122	0.050867
1559245249.951122	0.050660
1559245250.001122	0.050457
1559245250.051122	0.050457
1559245250.101122	0.050641
1559245250.151122	0.050867
1559245250.201122	0.050867
1559245250.251122	0.050912
1559245250.301122	0.050937
1559245250.351122	0.051098
1559245250.401122	0.051299
1559245250.451122	0.051404
1559245250.501122	0.051404
1559245250.551122	0.051404
1559245250.601122	0.051519
1559245250.651122	0.051721
1559245250.701122	0.051721
1559245250.751122	0.051519
1559245250.801122	0.051519
1559245250.851122	0.051519
1559245250.901122	0.051404
1559245250.951122	0.051519
1559245251.001122	0.051519
1559245251.051122	0.051519
1559245251.101122	0.051519
1559245251.151122	0.051519
1559245251.201122	0.051721
1559245251.251122	0.051721
1559245251.301122	0.052030
1559245251.351122	0.052030
1559245251.401122	0.051887
1559245251.451122	0.051887
1559245251.501122	0.051887
1559245251.551122	0.051853
1559245251.601122	0.051853
1559245251.651122	0.051703
1559245251.701122	0.051853
1559245251.751122	0.051887
1559245251.801122	0.051853
1559245251.851122	0.051853
1559245251.901122	0.051703
1559245251.951122	0.051703
1559245252.001122	0.051615
1559245252.051122	0.051615
1559245252.101122	0.051632
1559245252.151122	0.051632
1559245252.201122	0.051632
1559245252.251122	0.051588
1559245252.301122	0.051588
1559245252.351122	0.051632
1559245252.401122	0.051588
1559245252.451122	0.051588
1559245252.501122	0.051588
1559245252.551122	0.051588
1559245252.601122	0.051501
1559245252.651122	0.051417
1559245252.701122	0.051311
1559245252.751122	0.051159
1559245252.801122	0.050859
1559245252.851122	0.050476
1559245252.901122	0.050476
1559245252.951122	0.050476
1559245253.001122	0.050859
1559245253.051122	0.050476
1559245253.101122	0.050314
1559245253.151122	0.050169
1559245253.201122	0.050169
1559245253.251122	0.050169
1559245253.301122	0.049839
1559245253.351122	0.049596
1559245253.401122	0.049596
1559245253.451122	0.049542
1559245253.501122	0.049542
1559245253.551122	0.049428
1559245253.601122	0.049222
1559245253.651122	0.049444
1559245253.701122	0.049444
1559245253.751122	0.049222
1559245253.801122	0.049025
1559245253.851122	0.048918
1559245253.901122	0.048886
1559245253.951122	0.048827
1559245254.001122	0.048753
1559245254.051122	0.048698
1559245254.101122	0.048691
1559245254.151122	0.048691
1559245254.201122	0.048377
1559245254.251122	0.047572
1559245254.301122	0.047572
1559245254.351122	0.047572
1559245254.401122	0.046922
1559245254.451122	0.046790
1559245254.501122	0.046734
1559245254.551122	0.046584
1559245254.601122	0.046323
1559245254.651122	0.046040
1559245254.701122	0.045969
1559245254.751122	0.045690
1559245254.801122	0.045420
1559245254.851122	0.045193
1559245254.901122	0.044966
1559245254.951122	0.044966
1559245255.001122	0.044966
1559245255.051122	0.044966
1559245255.101122	0.044573
1559245255.151122	0.044250
1559245255.201122	0.044071
1559245255.251122	0.043840
1559245255.301122	0.043759
1559245255.351122	0.043548
1559245255.401122	0.043270
1559245255.451122	0.042673
1559245255.501122	0.042038
1559245255.551122	0.042038
1559245255.601122	0.041852
1559245255.651122	0.041852
1559245255.701122	0.041749
1559245255.751122	0.041637
1559245255.801122	0.041596
1559245255.851122	0.041404
1559245255.901122	0.041404
1559245255.951122	0.040969
1559245256.001122	0.040338
1559245256.051122	0.039652
1559245256.101122	0.039302
1559245256.151122	0.039302
1559245256.201122	0.039302
1559245256.251122	0.039302
1559245256.301122	0.038884
1559245256.351122	0.038746
1559245256.401122	0.038360
1559245256.451122	0.038217
1559245256.501122	0.038217
1559245256.551122	0.038109
1559245256.601122	0.037998
1559245256.651122	0.037998
1559245256.701122	0.037998
1559245256.751122	0.037998
1559245256.801122	0.037834
1559245256.851122	0.037935
1559245256.901122	0.037935
1559245256.951122	0.037935
1559245257.001122	0.037935
1559245257.051122	0.037998
1559245257.101122	0.038109
1559245257.151122	0.038109
1559245257.201122	0.038109
1559245257.251122	0.037998
1559245257.301122	0.038109
1559245257.351122	0.038109
1559245257.401122	0.037998
1559245257.451122	0.037998
1559245257.501122	0.037935
1559245257.551122	0.037952
1559245257.601122	0.038046
1559245257.651122	0.038046
1559245257.701122	0.038308
1559245257.751122	0.038451
1559245257.801122	0.038451
1559245257.851122	0.038546
1559245257.901122	0.038803
1559245257.951122	0.038803
1559245258.001122	0.038803
1559245258.051122	0.038803
1559245258.101122	0.039083
1559245258.151122	0.039366
1559245258.201122	0.039750
1559245258.251122	0.040149
1559245258.301122	0.040149
1559245258.351122	0.040783
1559245258.401122	0.041270
1559245258.451122	0.041370
1559245258.501122	0.041370
1559245258.551122	0.041645
1559245258.601122	0.042671
1559245258.651122	0.042671
1559245258.701122	0.043349
1559245258.751122	0.042573
1559245258.801122	0.042573
1559245258.851122	0.042573
1559245258.901122	0.043349
1559245258.951122	0.043349
1559245259.001122	0.043349
1559245259.051122	0.043349
1559245259.101122	0.043349
1559245259.151122	0.043349
1559245259.201122	0.042582
1559245259.251122	0.041904
1559245259.301122	0.042582
1559245259.351122	0.042582
1559245259.401122	0.042582
1559245259.451122	0.041904
1559245259.501122	0.041904
1559245259.551122	0.041872
1559245259.601122	0.041597
1559245259.651122	0.041597
1559245259.701122	0.041270
1559245259.751122	0.041270
1559245259.801122	0.041270
1559245259.851122	0.041270
1559245259.901122	0.041270
1559245259.951122	0.041050
1559245260.001122	0.041050
1559245260.051122	0.041050
1559245260.101122	0.040348
1559245260.151122	0.039764
1559245260.201122	0.039678
1559245260.251122	0.039678
1559245260.301122	0.039562
1559245260.351122	0.038817
1559245260.401122	0.038817
1559245260.451122	0.038817
1559245260.501122	0.038120
1559245260.551122	0.038031
1559245260.601122	0.038031
1559245260.651122	0.038031
1559245260.701122	0.037764
1559245260.751122	0.037353
1559245260.801122	0.037764
1559245260.851122	0.037353
1559245260.901122	0.037353
1559245260.951122	0.037353
1559245261.001122	0.037353
1559245261.051122	0.037353
1559245261.101122	0.037104
1559245261.151122	0.037104
1559245261.201122	0.037076
1559245261.251122	0.037076
1559245261.301122	0.037104
1559245261.351122	0.037104
1559245261.401122	0.037076
1559245261.451122	0.037076
1559245261.501122	0.037076
1559245261.551122	0.037104
1559245261.601122	0.037104
1559245261.651122	0.037104
1559245261.701122	0.037104
1559245261.751122	0.037104
1559245261.801122	0.037076
1559245261.851122	0.037104
1559245261.901122	0.037104
1559245261.951122	0.037340
1559245262.001122	0.037562
1559245262.051122	0.037562
1559245262.101122	0.037562
1559245262.151122	0.037340
1559245262.201122	0.037104
1559245262.251122	0.037104
1559245262.301122	0.037104
1559245262.351122	0.037104
1559245262.401122	0.037104
1559245262.451122	0.037104
1559245262.501122	0.037104
1559245262.551122	0.036854
1559245262.601122	0.036854
1559245262.651122	0.036485
1559245262.701122	0.036485
1559245262.751122	0.036295
1559245262.801122	0.035599
1559245262.851122	0.035599
1559245262.901122	0.034761
1559245262.951122	0.034285
1559245263.001122	0.033570
1559245263.051122	0.032508
1559245263.101122	0.031563
1559245263.151122	0.030410
1559245263.201122	0.029564
1559245263.251122	0.027178
1559245263.301122	0.022937
1559245263.351122	0.015464
1559245263.401122	0.011389
1559245263.451122	0.011099
1559245263.501122	0.010794
1559245263.551122	0.010474
1559245263.601122	0.010169
1559245263.651122	0.009864
1559245263.701122	0.009565
1559245263.751122	0.009268
1559245263.801122	0.008965
1559245263.851122	0.008654
1559245263.901122	0.008304
