0
0.000193743
0.000384435
0.000384435
0.000384435
0.000384435
0.000384435
0.000384435
0.000384435
0.000384435
0.000384435
0.000384435
0.000384435
0.000384435
0.000384435
0.000384435
0.000384435
0.000384435
0.000384435
0.000384435
0.000384435
0.000384435
0.000384435
0.000384435
0.000384435
0.000384435
0.000384435
0.000378405
0.000372515
0.000372515
0.000372515
0.000372515
0.000372515
0.000372515
0.000372515
0.000372515
0.000372515
0.000372515
0.000372515
0.000372515
0.000372515
0.000372515
0.000372515
0.000372515
0.000372515
0.000372515
0.000372515
0.000372515
0.000372515
0.000372515
0.000372515
0.000372515
0.000372515
0.000390852
0.000489145
0.000649193
0.000815909
0.000988691
0.001145518
0.001300582
0.001458291
0.00161227
0.001820595
0.002058503
0.002262812
0.002445665
0.002596807
0.002719832
0.002833206
0.002922925
0.003002827
0.003075043
0.003140225
0.003240198
0.003360094
0.003455641
0.003566287
0.003687961
0.003788848
0.003878768
0.003971224
0.004062456
0.00415754
0.004257565
0.00434849
0.004424905
0.004488869
0.004566346
0.004651094
0.004723113
0.004796565
0.0048715
0.004945319
0.005009364
0.005083064
0.005173389
0.005242663
0.005304178
0.005374854
0.005447248
0.006980221
0.008478373
0.008518755
0.008577907
0.008602609
0.008612477
0.008628888
0.008661665
0.008687376
0.00870491
0.008723463
0.008731413
0.008733433
0.008763154
0.008827372
0.008862412
0.008864584
0.008869835
0.00887326
0.008890044
0.008923892
0.008942928
0.008944838
0.008945578
0.008972703
0.009036658
0.009115937
0.009207941
0.009309198
0.009415984
0.009540239
0.009668568
0.009796955
0.009918098
0.010030265
0.01014659
0.010259691
0.010376619
0.010505895
0.010615453
0.010707031
0.010818016
0.010934407
0.011042702
0.011161803
0.011289389
0.011411237
0.011527243
0.011631738
0.011734363
0.011835831
0.011960331
0.013386171
0.019928602
0.02588811
0.027544672
0.028744663
0.029609328
0.030181471
0.030250839
0.031508395
0.033592902
0.035503766
0.037132016
0.037365158
0.03831442
0.039067949
0.039464656
0.039984158
0.039984158
0.04044469
0.04044469
0.040950991
0.041482259
0.041870225
0.041870225
0.041870225
0.042449756
0.042449756
0.042449756
0.042904036
0.043020188
0.043020188
0.043471871
0.043020188
0.043471871
0.043471871
0.043471871
0.043020188
0.043020188
0.043020188
0.043020188
0.043471871
0.044139156
0.044139156
0.044139156
0.044557195
0.044929406
0.045627079
0.045627079
0.045627079
0.044929406
0.044557195
0.044929406
0.044929406
0.045556467
0.045901195
0.045901195
0.046141687
0.046141687
0.046141687
0.046334599
0.046581554
0.046581554
0.046581554
0.046581554
0.046581554
0.046581554
0.046581554
0.046581554
0.046581554
0.046866709
0.046581554
0.046866709
0.046581554
0.046581554
0.046866709
0.046866709
0.046866709
0.046866709
0.046581554
0.046866709
0.046581554
0.046581554
0.046866709
0.047713405
0.046866709
0.046581554
0.046866709
0.046866709
0.046782085
0.046866709
0.046866709
0.046866709
0.046866709
0.047872138
0.047872138
0.047872138
0.047872138
0.046843316
0.047872138
0.047872138
0.04874935
0.048895279
0.048895279
0.04874935
0.048895279
0.048895279
0.049055981
0.048895279
0.048895279
0.048895279
0.048895279
0.049055981
0.049055981
0.04933833
0.04933833
0.04933833
0.049626691
0.049743989
0.049626691
0.049626691
0.049743989
0.050440319
0.05115162
0.05115162
0.05115162
0.05115162
0.051295603
0.05115162
0.05115162
0.05115162
0.051295603
0.051295603
0.051295603
0.051295603
0.051295603
0.051295603
0.05115162
0.050824492
0.050824492
0.050040391
0.049110642
0.049110642
0.050040391
0.049754354
0.049754354
0.049754354
0.050115959
0.050401995
0.050115959
0.050115959
0.050115959
0.048969873
0.050115959
0.050401995
0.050401995
0.050115959
0.050115959
0.050115959
0.050401995
0.050401995
0.050115959
0.049240341
0.050115959
0.050115959
0.050401995
0.050401995
0.050115959
0.050115959
0.050115959
0.050115959
0.049240341
0.049240341
0.04849752
0.04849752
0.049240341
0.049240341
0.04849752
0.049240341
0.049240341
0.049240341
0.049240341
0.049240341
0.049123012
0.049123012
0.049123012
0.049852459
0.050115959
0.050115959
0.051109063
0.051979076
0.052140405
0.052140405
0.051979076
0.051979076
0.051979076
0.052140405
0.051979076
0.05173664
0.051979076
0.051979076
0.052140405
0.052583188
0.052847544
0.052543011
0.052117326
0.052117326
0.05173664
0.05173664
0.05173664
0.051488545
0.05173664
0.05173664
0.051488545
0.050967782
0.050341826
0.050341826
0.050341826
0.050341826
0.050341826
0.050967782
0.050967782
0.050341826
0.050341826
0.050967782
0.050967782
0.050341826
0.050967782
0.050341826
0.050701421
0.050701421
0.050701421
0.050701421
0.050701421
0.050341826
0.050341826
0.049376413
0.048402755
0.048402755
0.048023039
0.047532621
0.047215945
0.046972782
0.046972782
0.046972782
0.047215945
0.047215945
0.047532621
0.047532621
0.047532621
0.047532621
0.047215945
0.047215945
0.047215945
0.047532621
0.047532621
0.04815069
0.04815069
0.048132095
0.047532621
0.047532621
0.047215945
0.047532621
0.048132095
0.048497288
0.048497288
0.048132095
0.048132095
0.048132095
0.048132095
0.047532621
0.048132095
0.047879218
0.048497288
0.048497288
0.048497288
0.048497288
0.048497288
0.048497288
0.048497288
0.04857554
0.048497288
0.048497288
0.04857554
0.04857554
0.04876539
0.049347474
0.050154024
0.050691964
0.051374134
0.051374134
0.051882773
0.051882773
0.052121402
0.052413172
0.052413172
0.052111653
0.052413172
0.052534049
0.052534049
0.053104078
0.053617623
0.053617623
0.053617623
0.053104078
0.052534049
0.052534049
0.052534049
0.053104078
0.053104078
0.053104078
0.053866989
0.053866989
0.053866989
0.053104078
0.053104078
0.053104078
0.053866989
0.053104078
0.053104078
0.053866989
0.053104078
0.053104078
0.053104078
0.053104078
0.053104078
0.053104078
0.053121234
0.053884145
0.054602974
0.054602974
0.054602974
0.054602974
0.055475613
0.055480598
0.056035577
0.055480598
0.055480598
0.055093076
0.055093076
0.055093076
0.055093076
0.055480598
0.055093076
0.054602974
0.054602974
0.054602974
0.054005989
0.053861587
0.053739743
0.053739743
0.053739743
0.053739743
0.05333306
0.05333306
0.05333306
0.052970183
0.052970183
0.052970183
0.052970183
0.05267439
0.052377684
0.052087761
0.051722678
0.051722678
0.05137807
0.05137807
0.051153101
0.051069392
0.051069392
0.050319038
0.049611625
0.049611625
0.049611625
0.049611625
0.04897071
0.04897071
0.047952915
0.046972205
0.046283991
0.045667973
0.044996458
0.044729569
0.043965146
0.043015559
0.042530339
0.041859429
0.041360657
0.040869648
0.040154685
0.040154685
0.040154685
0.040154685
0.040154685
0.040154685
0.040154685
0.040154685
0.040154685
0.040869648
0.040869648
0.040869648
0.040869648
0.040869648
0.040869648
0.040869648
0.040869648
0.040869648
0.040869648
0.040869648
0.040869648
0.040869648
0.040869648
0.040869648
0.040869648
0.041393882
0.041710644
0.042245722
0.043370373
0.044259176
0.044347115
0.044605763
0.044901916
0.045046424
0.04520563
0.04520563
0.04520563
0.04531063
0.045454205
0.045454205
0.045454205
0.045711109
0.04596656
0.046353449
0.046715489
0.047265868
0.047589219
0.048519674
0.049326723
0.049326723
0.049326723
0.049440167
0.049440167
0.049440167
0.049326723
0.049440167
0.049607668
0.049607668
0.049607668
0.049440167
0.049440167
0.049440167
0.049440167
0.049326723
0.049326723
0.049326723
0.049326723
0.049326723
0.049326723
0.049440167
0.049440167
0.049440167
0.049440167
0.049326723
0.049326723
0.049307021
0.049307021
0.049307021
0.049326723
0.049326723
0.049307021
0.048670159
0.048018411
0.047827344
0.048018411
0.048430269
0.048430269
0.048018411
0.048018411
0.048430269
0.049054074
0.048430269
0.048430269
0.048018411
0.047827344
0.047827344
0.048018411
0.048018411
0.047827344
0.048018411
0.048018411
0.047827344
0.048018411
0.048085867
0.048085867
0.048085867
0.048085867
0.048241587
0.048241587
0.048263292
0.048585989
0.048585989
0.049054074
0.049340356
0.049421183
0.049100466
0.048585989
0.048263292
0.048263292
0.048263292
0.048147086
0.048147086
0.048147086
0.048263292
0.048585989
0.048585989
0.048263292
0.048263292
0.048263292
0.048263292
0.048263292
0.048263292
0.04834714
0.04834714
0.04834714
0.04834714
0.04834714
0.048431909
0.04834714
0.048252639
0.048147086
0.048147086
0.048090927
0.048147086
0.048147086
0.048090927
0.048090927
0.047882684
0.048090927
0.048090927
0.048147086
0.048252639
0.04834714
0.04834714
0.048431909
0.048431909
0.048431909
0.048795748
0.048795748
0.048795748
0.048421256
0.048421256
0.048196479
0.047882684
0.047882684
0.047882684
0.047882684
0.047882684
0.048002441
0.047828652
0.048002441
0.048002441
0.048196479
0.048002441
0.047828652
0.048002441
0.048196479
0.048150945
0.048002441
0.048150945
0.048290952
0.048362175
0.048446944
0.048513595
0.048803317
0.048803317
0.048803317
0.048803317
0.048803317
0.049116939
0.049116939
0.049116939
0.049363076
0.049116939
0.049363076
0.049363076
0.049116939
0.049116939
0.048803317
0.048707479
0.048454513
0.048364409
0.048364409
0.048364409
0.048293187
0.048293187
0.048096914
0.048096914
0.048096914
0.048293187
0.048293187
0.048096914
0.048293187
0.048293187
0.048096914
0.048096914
0.048096914
0.048096914
0.048067899
0.048067899
0.047837878
0.047837878
0.04776836
0.04776836
0.04776836
0.04776836
0.047700174
0.047700174
0.04776836
0.047700174
0.047463593
0.047198229
0.046946771
0.046746005
0.046669485
0.046387147
0.046117733
0.046035443
0.046117733
0.046035443
0.045844592
0.045844592
0.045688871
0.045591671
0.045591671
0.045591671
0.045470354
0.044975235
0.044975235
0.044478909
0.044143671
0.043836637
0.043723532
0.043579662
0.043412582
0.043209594
0.043081388
0.042962434
0.042683818
0.042432514
0.04237859
0.042241272
0.042050989
0.041974299
0.041928942
0.04132514
0.04132514
0.04132514
0.040610959
0.040232369
0.03994628
0.039834787
0.03971107
0.03971107
0.039185682
0.038683938
0.038238162
0.037798021
0.037798021
0.037742737
0.037545647
0.037545647
0.037131247
0.036652902
0.036327045
0.036160184
0.036160184
0.036160184
0.036160184
0.036160184
0.035896646
0.035896646
0.035896646
0.035605015
0.035605015
0.035441305
0.035441305
0.035605015
0.035896646
0.036160184
0.036160184
0.036160184
0.036306359
0.036306359
0.036306359
0.036306359
0.036390146
0.036613553
0.036855623
0.037048538
0.037048538
0.037402853
0.037718972
0.037402853
0.037402853
0.037718972
0.037718972
0.037718972
0.03790195
0.038135879
0.038342874
0.038512503
0.039475695
0.039475695
0.04097232
0.04097232
0.041775225
0.042243392
0.042632316
0.042815051
0.043579402
0.043579402
0.044451544
0.044451544
0.044451544
0.044827672
0.044827672
0.045346243
0.045816202
0.045980635
0.045980635
0.045980635
0.045816202
0.045816202
0.045980635
0.046104504
0.045980635
0.045816202
0.045816202
0.045980635
0.045444506
0.045444506
0.045444506
0.045444506
0.045980635
0.045980635
0.046104504
0.045980635
0.046104504
0.046104504
0.046104504
0.045510675
0.045510675
0.046104504
0.04623677
0.046104504
0.045510675
0.045510675
0.046104504
0.046104504
0.045510675
0.044960638
0.044960638
0.044960638
0.044556114
0.044556114
0.043971189
0.042523934
0.042523934
0.041259199
0.041111051
0.041259199
0.041259199
0.041854358
0.042356816
0.042356816
0.042356816
0.042356816
0.042356816
0.042356816
0.042356816
0.042356816
0.042591987
0.043261564
0.043261564
0.043261564
0.043971189
0.043971189
0.043971189
0.043971189
0.045000786
0.046006372
0.046006372
0.045000786
0.045000786
0.043971189
0.043971189
0.045000786
0.044345121
0.045180408
0.046006372
0.046470697
0.046006372
0.045180408
0.045180408
0.045180408
0.045983036
0.046153337
0.046153337
0.046470697
0.046781769
0.047218652
0.047218652
0.047218652
0.04787701
0.04787701
0.048298243
0.048644936
0.048644936
0.048854017
0.048854017
0.048854017
0.04899906
0.048854017
0.04899906
0.04899906
0.04899906
0.049149018
0.049420233
0.049420233
0.049420233
0.049149018
0.04899906
0.04899906
0.04899906
0.049149018
0.049149018
0.049420233
0.050295888
0.050520452
0.050996218
0.050520452
0.049644797
0.049644797
0.049149018
0.049149018
0.048969056
0.048824013
0.048824013
0.048969056
0.049149018
0.049149018
0.049644797
0.050566328
0.050566328
0.051080216
0.051080216
0.051204497
0.051080216
0.050638514
0.050162748
0.049644797
0.049644797
0.050162748
0.049644797
0.049644797
0.050162748
0.050162748
0.049644797
0.050162748
0.050676636
0.051204497
0.051204497
0.051569473
0.051204497
0.050950209
0.051569473
0.051229025
0.050422348
0.050162748
0.050162748
0.050422348
0.051229025
0.050422348
0.050162748
0.04994718
0.04994718
0.048691153
0.048557577
0.048557577
0.047959611
0.04893868
0.049670222
0.049792697
0.049792697
0.050019366
0.050019366
0.050019366
0.050422348
0.050422348
0.050422348
0.050422348
0.050422348
0.050019366
0.049792697
0.049792697
0.050019366
0.050019366
0.05020678
0.050692304
0.050692304
0.050692304
0.050692304
0.050214999
0.05061601
0.05061601
0.05061601
0.05061601
0.05061601
0.05061601
0.050214999
0.050214999
0.049812018
0.049812018
0.050214999
0.050221248
0.049812018
0.050221248
0.050698553
0.050698553
0.050828915
0.050828915
0.050828915
0.050828915
0.050828915
0.051246286
0.051246286
0.051246286
0.051756256
0.051756256
0.052034311
0.051756256
0.051756256
0.051756256
0.051756256
0.051246286
0.051246286
0.05154521
0.05154521
0.05154521
0.051120213
0.050720702
0.050720702
0.050720702
0.051120213
0.051120213
0.050720702
0.050652034
0.050652034
0.050652034
0.050720702
0.050720702
0.051120213
0.051120213
0.051120213
0.051120213
0.050720702
0.050720702
0.051120213
0.051120213
0.051120213
0.050720702
0.051120213
0.050720702
0.050720702
0.050608464
0.050608464
0.050608464
0.050608464
0.050608464
0.050608464
0.049826662
0.049826662
0.050608464
0.050608464
0.049826662
0.050608464
0.050720702
0.050720702
0.050720702
0.050608464
0.050608464
0.050198069
0.050198069
0.050198069
0.050608464
0.050647357
0.050647357
0.051074757
0.051074757
0.051722353
0.052114881
0.052114881
0.052277227
0.052277227
0.052217135
0.052383755
0.052656321
0.052383755
0.052288382
0.052126035
0.052292655
0.052292655
0.052292655
0.052292655
0.052656321
0.052656321
0.052292655
0.052292655
0.052292655
0.052656321
0.052656321
0.052656321
0.052656321
0.052462112
0.052730405
0.052730405
0.052730405
0.052730405
0.052730405
0.052730405
0.052730405
0.052502802
0.052333346
0.052502802
0.052730405
0.052730405
0.052730405
0.052502802
0.052502802
0.052730405
0.052935612
0.053048613
0.053048613
0.053048613
0.053048613
0.053048613
0.053048613
0.053048613
0.053048613
0.052935612
0.052935612
0.052730405
0.052676362
0.052502802
0.052502802
0.052333346
0.052333346
0.052258337
0.052502802
0.052502802
0.052258337
0.052258337
0.052258337
0.052258337
0.051879145
0.052090217
0.052502802
0.052090217
0.051509841
0.05080866
0.051307984
0.050807986
0.050807986
0.050303579
0.050209207
0.050209207
0.0500228
0.0500228
0.0500228
0.049842324
0.049842324
0.049842324
0.049842324
0.049570122
0.049271472
0.04901766
0.048799634
0.048799634
0.048631347
0.048369492
0.047929248
0.047286642
0.046889348
0.046889348
0.045144362
0.043276939
0.042964808
0.042964808
0.042614675
0.042614675
0.042614675
0.042035669
0.042035669
0.042035669
0.042035669
0.042035669
0.041529869
0.041529869
0.041529869
0.041529869
0.041529869
0.041529869
0.041529869
0.041529869
0.041529869
0.041529869
0.041529869
0.041529869
0.042035669
0.042035669
0.042035669
0.042553984
0.042553984
0.042741766
0.042741766
0.04306792
0.043385588
0.043470139
0.043514577
0.043644167
0.043644167
0.043946797
0.044315822
0.04455488
0.044627682
0.044770843
0.045042135
0.045212773
0.045212773
0.045298941
0.046064507
0.046064507
0.046794991
0.047416184
0.048016975
0.048054669
0.048136166
0.048346688
0.048346688
0.048811247
0.049396594
0.049743601
0.049743601
0.049944211
0.049944211
0.049944211
0.050144837
0.049944211
0.049944211
0.049944211
0.049944211
0.050144837
0.050144837
0.05043817
0.050871413
0.051198064
0.051326705
0.051426849
0.051326705
0.051326705
0.051198064
0.051326705
0.051514143
0.051514143
0.051514143
0.051727623
0.051514143
0.051514143
0.051727623
0.051514143
0.051727623
0.051795335
0.051795335
0.051727623
0.051727623
0.051795335
0.051795335
0.051795335
0.051795335
0.051780232
0.051727623
0.051780232
0.051879842
0.051987944
0.051987944
0.051879842
0.051879842
0.051780232
0.051780232
0.051571791
0.051351083
0.051351083
0.051351083
0.051351083
0.051351083
0.051351083
0.051231796
0.051231796
0.051231796
0.051231796
0.051231796
0.051231796
0.051084283
0.051084283
0.051084283
0.050849717
0.05066103
0.050579284
0.05066103
0.050579284
0.050579284
0.050493805
0.050379338
0.050362981
0.050177752
0.050177752
0.049877599
0.050290889
0.050290889
0.050493805
0.050062829
0.049474256
0.049474256
0.049091178
0.049474256
0.049474256
0.049091178
0.049474256
0.049519451
0.049519451
0.049344167
0.049344167
0.049344167
0.049091178
0.049344167
0.049519451
0.049344167
0.049519451
0.049519451
0.049344167
0.049519451
0.049519451
0.049805051
0.049805051
0.050348429
0.050575551
0.050348429
0.050575551
0.050575551
0.05065985
0.05065985
0.05065985
0.050866674
0.05065985
0.050456812
0.050456812
0.050640544
0.050866674
0.050866674
0.050912404
0.05093749
0.051097833
0.051298887
0.051404289
0.051404289
0.051404289
0.051518693
0.051720976
0.051720976
0.051518693
0.051518693
0.051518693
0.051404289
0.051518693
0.051518693
0.051518693
0.051518693
0.051518693
0.051720976
0.051720976
0.052030195
0.052030195
0.051886718
0.051886718
0.051886718
0.051852983
0.051852983
0.051702861
0.051852983
0.051886718
0.051852983
0.051852983
0.051702861
0.051702861
0.051615365
0.051615365
0.051632383
0.051632383
0.051632383
0.051587873
0.051587873
0.051632383
0.051587873
0.051587873
0.051587873
0.051587873
0.051500796
0.051417071
0.05131118
0.051159346
0.050858528
0.05047624
0.05047624
0.05047624
0.050858528
0.05047624
0.050313938
0.050168856
0.050168856
0.050168856
0.049839472
0.049596038
0.049596038
0.049542162
0.049542162
0.049427701
0.049222339
0.049443669
0.049443669
0.049222339
0.049025109
0.048918141
0.04888628
0.048827033
0.048752595
0.048698214
0.048691388
0.048691388
0.04837694
0.047571927
0.047571927
0.047571927
0.046921603
0.046790031
0.046733942
0.046584129
0.046322865
0.046039941
0.045968591
0.04568985
0.045420426
0.045192587
0.044966356
0.044966356
0.044966356
0.044966356
0.044572835
0.044250235
0.044070634
0.043839885
0.043759208
0.043547724
0.043270157
0.042673419
0.042037809
0.042037809
0.041851765
0.041851765
0.041749159
0.041636675
0.041595627
0.041403579
0.041403579
0.040968724
0.040338466
0.039652427
0.039302322
0.039302322
0.039302322
0.039302322
0.03888383
0.038746086
0.038359887
0.038216561
0.038216561
0.038108809
0.03799811
0.03799811
0.03799811
0.03799811
0.037833605
0.037935081
0.037935081
0.037935081
0.037935081
0.03799811
0.038108809
0.038108809
0.038108809
0.03799811
0.038108809
0.038108809
0.03799811
0.03799811
0.037935081
0.037952402
0.03804578
0.03804578
0.038307631
0.038450956
0.038450956
0.038546217
0.038803467
0.038803467
0.038803467
0.038803467
0.039082878
0.039365786
0.039749611
0.040149387
0.040149387
0.040782791
0.041269859
0.041369887
0.041369887
0.041645462
0.042670731
0.042670731
0.043349362
0.042572623
0.042572623
0.042572623
0.043349362
0.043349362
0.043349362
0.043349362
0.043349362
0.043349362
0.04258244
0.041903809
0.04258244
0.04258244
0.04258244
0.041903809
0.041903809
0.041872322
0.041596746
0.041596746
0.041269859
0.041269859
0.041269859
0.041269859
0.041269859
0.041050213
0.041050213
0.041050213
0.04034832
0.039763849
0.039677806
0.039677806
0.039562005
0.038816701
0.038816701
0.038816701
0.038120048
0.038031206
0.038031206
0.038031206
0.037763985
0.037353372
0.037763985
0.037353372
0.037353372
0.037353372
0.037353372
0.037353372
0.037104115
0.037104115
0.037076423
0.037076423
0.037104115
0.037104115
0.037076423
0.037076423
0.037076423
0.037104115
0.037104115
0.037104115
0.037104115
0.037104115
0.037076423
0.037104115
0.037104115
0.037340188
0.03756208
0.03756208
0.03756208
0.037340188
0.037104115
0.037104115
0.037104115
0.037104115
0.037104115
0.037104115
0.037104115
0.036853775
0.036853775
0.036485079
0.036485079
0.036294887
0.035598897
0.035598897
0.034761079
0.034285129
0.033570496
0.03250822
0.031562509
0.030410269
0.029564442
0.027178156
0.022937486
0.015464162
0.011389358
0.011099064
0.010793789
0.010473946
0.010169369
0.009864145
0.009564554
0.009268462
0.008964716
0.008654116
0.008303559
